  0.6598E-02           0           0           0
  -1.5500E+00    -4.1852E-02    -5.3657E-01    -3.0974E+00
  -1.5000E+00    -1.4204E-01    -5.3970E-01    -2.9984E+00
  -1.4500E+00    -2.4082E-01    -5.5803E-01    -2.8993E+00
  -1.4000E+00    -3.3721E-01    -5.8820E-01    -2.8003E+00
  -1.3500E+00    -4.3024E-01    -6.2714E-01    -2.7012E+00
  -1.3000E+00    -5.1900E-01    -6.7205E-01    -2.6020E+00
  -1.2500E+00    -6.0259E-01    -7.2040E-01    -2.5029E+00
  -1.2000E+00    -6.8020E-01    -7.6993E-01    -2.4037E+00
  -1.1500E+00    -7.5104E-01    -8.1863E-01    -2.3044E+00
  -1.1000E+00    -8.1442E-01    -8.6471E-01    -2.2052E+00
  -1.0500E+00    -8.6971E-01    -9.0665E-01    -2.1059E+00
  -1.0000E+00    -9.1636E-01    -9.4312E-01    -2.0065E+00
  -9.5000E-01    -9.5390E-01    -9.7299E-01    -1.9072E+00
  -9.0000E-01    -9.8197E-01    -9.9537E-01    -1.8078E+00
  -8.5000E-01    -1.0003E+00    -1.0095E+00    -1.7083E+00
  -8.0000E-01    -1.0087E+00    -1.0149E+00    -1.6089E+00
  -7.5000E-01    -1.0071E+00    -1.0112E+00    -1.5094E+00
  -7.0000E-01    -9.9544E-01    -9.9813E-01    -1.4099E+00
  -6.5000E-01    -9.7396E-01    -9.7566E-01    -1.3103E+00
  -6.0000E-01    -9.4282E-01    -9.4387E-01    -1.2107E+00
  -5.5000E-01    -9.0235E-01    -9.0298E-01    -1.1111E+00
  -5.0000E-01    -8.5294E-01    -8.5330E-01    -1.0114E+00
  -4.5000E-01    -7.9509E-01    -7.9530E-01    -9.1174E-01
  -4.0000E-01    -7.2939E-01    -7.2950E-01    -8.1202E-01
  -3.5000E-01    -6.5649E-01    -6.5655E-01    -7.1227E-01
  -3.0000E-01    -5.7713E-01    -5.7715E-01    -6.1248E-01
  -2.5000E-01    -4.9209E-01    -4.9210E-01    -5.1266E-01
  -2.0000E-01    -4.0222E-01    -4.0223E-01    -4.1281E-01
  -1.5000E-01    -3.0844E-01    -3.0844E-01    -3.1292E-01
  -1.0000E-01    -2.1167E-01    -2.1167E-01    -2.1300E-01
  -5.0000E-02    -1.1288E-01    -1.1288E-01    -1.1305E-01
   0.0000E+00    -1.3067E-02    -1.3067E-02    -1.3067E-02
   5.0000E-02     8.6783E-02     8.6783E-02     8.6950E-02
   1.0000E-01     1.8567E-01     1.8567E-01     1.8700E-01
   1.5000E-01     2.8260E-01     2.8260E-01     2.8708E-01
   2.0000E-01     3.7661E-01     3.7661E-01     3.8719E-01
   2.5000E-01     4.6677E-01     4.6676E-01     4.8734E-01
   3.0000E-01     5.5216E-01     5.5214E-01     5.8752E-01
   3.5000E-01     6.3194E-01     6.3192E-01     6.8773E-01
   4.0000E-01     7.0532E-01     7.0529E-01     7.8798E-01
   4.5000E-01     7.7156E-01     7.7154E-01     8.8826E-01
   5.0000E-01     8.3000E-01     8.3003E-01     9.8857E-01
   5.5000E-01     8.8007E-01     8.8020E-01     1.0889E+00
   6.0000E-01     9.2125E-01     9.2160E-01     1.1893E+00
   6.5000E-01     9.5316E-01     9.5389E-01     1.2897E+00
   7.0000E-01     9.7546E-01     9.7684E-01     1.3901E+00
   7.5000E-01     9.8793E-01     9.9036E-01     1.4906E+00
   8.0000E-01     9.9047E-01     9.9450E-01     1.5911E+00
   8.5000E-01     9.8304E-01     9.8944E-01     1.6917E+00
   9.0000E-01     9.6573E-01     9.7556E-01     1.7922E+00
   9.5000E-01     9.3870E-01     9.5336E-01     1.8928E+00
   1.0000E+00     9.0224E-01     9.2355E-01     1.9935E+00
   1.0500E+00     8.5671E-01     8.8703E-01     2.0941E+00
   1.1000E+00     8.0257E-01     8.4489E-01     2.1948E+00
   1.1500E+00     7.4037E-01     7.9843E-01     2.2956E+00
   1.2000E+00     6.7073E-01     7.4917E-01     2.3963E+00
   1.2500E+00     5.9435E-01     6.9887E-01     2.4971E+00
   1.3000E+00     5.1201E-01     6.4951E-01     2.5980E+00
   1.3500E+00     4.2452E-01     6.0334E-01     2.6988E+00
   1.4000E+00     3.3277E-01     5.6286E-01     2.7997E+00
   1.4500E+00     2.3767E-01     5.3083E-01     2.9007E+00
   1.5000E+00     1.4020E-01     5.1030E-01     3.0016E+00
   1.5500E+00     4.1309E-02     5.0462E-01     3.1026E+00
